cHook=20.760
cTraditional=22.104000
cAnswer=15.504000
cCoyote=24.264
cGrid=23.520
cMvp=22.104
cVision=21.552
cAibody=13.032
